255 255 255 255 255 255 255 255 255 255 255 255 255 255 255 255 255 255 255 255 255 255 255 255 255 255 255 255 255 255 255 255 255 255 255 255 255 255 255 255 255 255 255 255 255 255 255 255 255 255 255 255 255 255 255 255 255 255 255 255 255 255 255 255 255 255 255 255 255 255 255 255 255 255 255 255 255 255 255 255 255 255 255 255 255 255 255 255 255 255 255 255 255 255 255 255 255 255 255 255 255 255 255 255 255 255 255 255 255 255 255 255 255 255 255 255 255 255 255 255 255 255 255 255 255 255 255 255 255 255 255 255 255 255 255 255 255 255 255 255 255 255 255 255 255 255 255 255 255 255 255 255 255 255 255 255 255 255 255 255 255 255 255 255 255 255 255 255 255 255 255 255 255 255 255 255 255 255 255 255 255 255 255 255 255 255 255 255 255 255 255 255 255 255 255 255 255 255 255 255 255 255 255 255 255 255 255 255 255 255 255 255 255 255 255 255 255 255 255 255 255 255 255 255
255 255 255 255 255 255 255 255 255 255 255 255 255 255 255 255 255 255 255 255 255 255 255 255 255 255 255 255 255 255 255 255 255 255 255 255 255 255 255 255 255 255 255 255 255 255 255 255 255 255 255 255 255 255 255 255 255 255 255 255 255 255 255 255 255 255 255 255 255 255 255 255 255 255 255 255 255 255 255 255 255 255 255 255 255 255 255 255 255 255 255 255 255 255 255 255 255 255 255 255 255 255 255 255 255 255 255 255 255 255 255 255 255 255 255 255 255 255 255 255 255 255 255 255 255 255 255 255 255 255 255 255 255 255 255 255 255 255 255 255 255 255 255 255 255 255 255 255 255 255 255 255 255 255 255 255 255 255 255 255 255 255 255 255 255 255 255 255 255 255 255 255 255 255 255 255 255 255 255 255 255 255 255 255 255 255 255 255 255 255 255 255 255 255 255 255 255 255 255 255 255 255 255 255 255 255 255 255 255 255 255 255 255 255 255 255 255 255 255 255 255 255 255 255
255 255 255 255 255 255 255 255 255 255 255 255 255 255 255 255 255 255 255 255 255 255 255 255 255 255 255 255 255 255 255 255 255 255 255 255 255 255 255 255 255 255 255 255 255 255 255 255 255 255 255 255 255 255 255 255 255 255 255 255 255 255 255 255 255 255 255 255 255 255 255 255 255 255 255 255 255 255 255 255 255 255 255 255 255 255 255 255 255 255 255 255 255 255 255 255 255 255 255 255 255 255 255 255 255 255 255 255 255 255 255 255 255 255 255 255 255 255 255 255 255 255 255 255 255 255 255 255 255 255 255 255 255 255 255 255 255 255 255 255 255 255 255 255 255 255 255 255 255 255 255 255 255 255 255 255 255 255 255 255 255 255 255 255 255 255 255 255 255 255 255 255 255 255 255 255 255 255 255 255 255 255 255 255 255 255 255 255 255 255 255 255 255 255 255 255 255 255 255 255 255 255 255 255 255 255 255 255 255 255 255 255 255 255 255 255 255 255 255 255 255 255 255 255
255 255 255 255 255 255 255 255 255 255 255 255 255 255 255 255 255 255 255 255 255 255 255 255 255 255 255 255 255 255 255 255 255 255 255 255 255 255 255 255 255 255 255 255 255 255 255 255 255 255 255 255 255 255 255 255 255 255 255 255 255 255 255 255 255 255 255 255 255 255 255 255 255 255 255 255 255 255 255 255 255 255 255 255 255 255 255 255 255 255 255 255 255 255 255 255 255 255 255 255 255 255 255 255 255 255 255 255 255 255 255 255 255 255 255 255 255 255 255 255 255 255 255 255 255 255 255 255 255 255 255 255 255 255 255 255 255 255 255 255 255 255 255 255 255 255 255 255 255 255 255 255 255 255 255 255 255 255 255 255 255 255 255 255 255 255 255 255 255 255 255 255 255 255 255 255 255 255 255 255 255 255 255 255 255 255 255 255 255 255 255 255 255 255 255 255 255 255 255 255 255 255 255 255 255 255 255 255 255 255 255 255 255 255 255 255 255 255 255 255 255 255 255 255
255 255 255 255 255 255 255 255 255 255 255 255 255 255 255 255 255 255 255 255 255 255 255 255 255 255 255 255 255 255 255 255 255 255 255 255 255 255 255 255 255 255 255 255 255 255 255 255 255 255 255 255 255 255 255 255 255 255 255 255 255 255 255 255 255 255 255 255 255 255 255 255 255 255 255 255 255 255 255 255 255 255 255 255 255 255 255 255 255 255 255 255 255 255 255 255 255 255 255 255 255 255 255 255 255 255 255 255 255 255 255 255 255 255 255 255 255 255 255 255 255 255 255 255 255 255 255 255 255 255 255 255 255 255 255 255 255 255 255 255 255 255 255 255 255 255 255 255 255 255 255 255 255 255 255 255 255 255 255 255 255 255 255 255 255 255 255 255 255 255 255 255 255 255 255 255 255 255 255 255 255 255 255 255 255 255 255 255 255 255 255 255 255 255 255 255 255 255 255 255 255 255 255 255 255 255 255 255 255 255 255 255 255 255 255 255 255 255 255 255 255 255 255 255
255 255 255 255 255 255 255 255 249 249 249 255 129 129 129 255 129 129 129 255 129 129 129 255 129 129 129 255 129 129 129 255 129 129 129 255 129 129 129 255 129 129 129 255 129 129 129 255 129 129 129 255 129 129 129 255 129 129 129 255 129 129 129 255 129 129 129 255 129 129 129 255 129 129 129 255 129 129 129 255 129 129 129 255 129 129 129 255 129 129 129 255 129 129 129 255 129 129 129 255 129 129 129 255 129 129 129 255 129 129 129 255 129 129 129 255 129 129 129 255 129 129 129 255 129 129 129 255 129 129 129 255 129 129 129 255 129 129 129 255 129 129 129 255 129 129 129 255 129 129 129 255 129 129 129 255 129 129 129 255 129 129 129 255 129 129 129 255 129 129 129 255 129 129 129 255 129 129 129 255 129 129 129 255 129 129 129 255 129 129 129 255 129 129 129 255 154 154 154 255 255 255 255 255 255 255 255 255 255 255 255 255 255 255 255 255 255 255 255 255 255 255 255 255
255 255 255 255 255 255 255 255 243 243 243 255 0 0 0 255 0 0 0 255 0 0 0 255 0 0 0 255 0 0 0 255 0 0 0 255 0 0 0 255 0 0 0 255 0 0 0 255 0 0 0 255 0 0 0 255 0 0 0 255 0 0 0 255 0 0 0 255 0 0 0 255 0 0 0 255 0 0 0 255 0 0 0 255 0 0 0 255 0 0 0 255 0 0 0 255 0 0 0 255 0 0 0 255 0 0 0 255 0 0 0 255 0 0 0 255 0 0 0 255 0 0 0 255 0 0 0 255 0 0 0 255 0 0 0 255 0 0 0 255 0 0 0 255 0 0 0 255 0 0 0 255 0 0 0 255 0 0 0 255 0 0 0 255 0 0 0 255 0 0 0 255 0 0 0 255 0 0 0 255 0 0 0 255 0 0 0 255 0 0 0 255 0 0 0 255 51 51 51 255 255 255 255 255 255 255 255 255 255 255 255 255 255 255 255 255 255 255 255 255 255 255 255 255
255 255 255 255 255 255 255 255 243 243 243 255 0 0 0 255 0 0 0 255 0 0 0 255 0 0 0 255 0 0 0 255 0 0 0 255 0 0 0 255 0 0 0 255 0 0 0 255 0 0 0 255 0 0 0 255 0 0 0 255 0 0 0 255 0 0 0 255 0 0 0 255 0 0 0 255 0 0 0 255 0 0 0 255 0 0 0 255 0 0 0 255 0 0 0 255 0 0 0 255 0 0 0 255 0 0 0 255 0 0 0 255 0 0 0 255 0 0 0 255 0 0 0 255 0 0 0 255 0 0 0 255 0 0 0 255 0 0 0 255 0 0 0 255 0 0 0 255 0 0 0 255 0 0 0 255 0 0 0 255 0 0 0 255 0 0 0 255 0 0 0 255 0 0 0 255 0 0 0 255 0 0 0 255 0 0 0 255 0 0 0 255 0 0 0 255 51 51 51 255 255 255 255 255 255 255 255 255 255 255 255 255 255 255 255 255 255 255 255 255 255 255 255 255
255 255 255 255 255 255 255 255 243 243 243 255 0 0 0 255 0 0 0 255 0 0 0 255 0 0 0 255 0 0 0 255 0 0 0 255 0 0 0 255 0 0 0 255 0 0 0 255 0 0 0 255 0 0 0 255 0 0 0 255 0 0 0 255 0 0 0 255 0 0 0 255 0 0 0 255 0 0 0 255 0 0 0 255 0 0 0 255 0 0 0 255 0 0 0 255 0 0 0 255 0 0 0 255 0 0 0 255 0 0 0 255 0 0 0 255 0 0 0 255 0 0 0 255 0 0 0 255 0 0 0 255 0 0 0 255 0 0 0 255 0 0 0 255 0 0 0 255 0 0 0 255 0 0 0 255 0 0 0 255 0 0 0 255 0 0 0 255 0 0 0 255 0 0 0 255 0 0 0 255 0 0 0 255 0 0 0 255 0 0 0 255 0 0 0 255 51 51 51 255 255 255 255 255 255 255 255 255 255 255 255 255 255 255 255 255 255 255 255 255 255 255 255 255
255 255 255 255 255 255 255 255 243 243 243 255 0 0 0 255 0 0 0 255 0 0 0 255 0 0 0 255 0 0 0 255 0 0 0 255 0 0 0 255 0 0 0 255 0 0 0 255 0 0 0 255 0 0 0 255 0 0 0 255 0 0 0 255 0 0 0 255 0 0 0 255 0 0 0 255 0 0 0 255 0 0 0 255 0 0 0 255 0 0 0 255 0 0 0 255 0 0 0 255 0 0 0 255 0 0 0 255 0 0 0 255 0 0 0 255 0 0 0 255 0 0 0 255 0 0 0 255 0 0 0 255 0 0 0 255 0 0 0 255 0 0 0 255 0 0 0 255 0 0 0 255 0 0 0 255 0 0 0 255 0 0 0 255 0 0 0 255 0 0 0 255 0 0 0 255 0 0 0 255 0 0 0 255 0 0 0 255 0 0 0 255 0 0 0 255 51 51 51 255 255 255 255 255 255 255 255 255 255 255 255 255 255 255 255 255 255 255 255 255 255 255 255 255
255 255 255 255 255 255 255 255 243 243 243 255 0 0 0 255 0 0 0 255 0 0 0 255 0 0 0 255 0 0 0 255 0 0 0 255 0 0 0 255 0 0 0 255 0 0 0 255 0 0 0 255 0 0 0 255 0 0 0 255 0 0 0 255 0 0 0 255 0 0 0 255 0 0 0 255 0 0 0 255 0 0 0 255 0 0 0 255 0 0 0 255 0 0 0 255 0 0 0 255 0 0 0 255 0 0 0 255 0 0 0 255 0 0 0 255 0 0 0 255 0 0 0 255 0 0 0 255 0 0 0 255 0 0 0 255 0 0 0 255 0 0 0 255 0 0 0 255 0 0 0 255 0 0 0 255 0 0 0 255 0 0 0 255 0 0 0 255 0 0 0 255 0 0 0 255 0 0 0 255 0 0 0 255 0 0 0 255 0 0 0 255 0 0 0 255 51 51 51 255 255 255 255 255 255 255 255 255 255 255 255 255 255 255 255 255 255 255 255 255 255 255 255 255
255 255 255 255 255 255 255 255 243 243 243 255 0 0 0 255 0 0 0 255 0 0 0 255 0 0 0 255 0 0 0 255 0 0 0 255 0 0 0 255 0 0 0 255 0 0 0 255 0 0 0 255 0 0 0 255 0 0 0 255 0 0 0 255 0 0 0 255 0 0 0 255 0 0 0 255 0 0 0 255 0 0 0 255 0 0 0 255 0 0 0 255 0 0 0 255 0 0 0 255 0 0 0 255 0 0 0 255 0 0 0 255 0 0 0 255 0 0 0 255 0 0 0 255 0 0 0 255 0 0 0 255 0 0 0 255 0 0 0 255 0 0 0 255 0 0 0 255 0 0 0 255 0 0 0 255 0 0 0 255 0 0 0 255 0 0 0 255 0 0 0 255 0 0 0 255 0 0 0 255 0 0 0 255 0 0 0 255 0 0 0 255 0 0 0 255 51 51 51 255 255 255 255 255 255 255 255 255 255 255 255 255 255 255 255 255 255 255 255 255 255 255 255 255
255 255 255 255 255 255 255 255 243 243 243 255 0 0 0 255 0 0 0 255 0 0 0 255 0 0 0 255 0 0 0 255 0 0 0 255 0 0 0 255 0 0 0 255 0 0 0 255 0 0 0 255 0 0 0 255 0 0 0 255 0 0 0 255 0 0 0 255 0 0 0 255 0 0 0 255 0 0 0 255 0 0 0 255 0 0 0 255 0 0 0 255 0 0 0 255 0 0 0 255 0 0 0 255 0 0 0 255 0 0 0 255 0 0 0 255 0 0 0 255 0 0 0 255 0 0 0 255 0 0 0 255 0 0 0 255 0 0 0 255 0 0 0 255 0 0 0 255 0 0 0 255 0 0 0 255 0 0 0 255 0 0 0 255 0 0 0 255 0 0 0 255 0 0 0 255 0 0 0 255 0 0 0 255 0 0 0 255 0 0 0 255 0 0 0 255 51 51 51 255 255 255 255 255 255 255 255 255 255 255 255 255 255 255 255 255 255 255 255 255 255 255 255 255
255 255 255 255 255 255 255 255 243 243 243 255 0 0 0 255 0 0 0 255 0 0 0 255 0 0 0 255 0 0 0 255 0 0 0 255 0 0 0 255 0 0 0 255 0 0 0 255 0 0 0 255 0 0 0 255 0 0 0 255 0 0 0 255 0 0 0 255 0 0 0 255 0 0 0 255 0 0 0 255 0 0 0 255 0 0 0 255 0 0 0 255 0 0 0 255 0 0 0 255 0 0 0 255 0 0 0 255 0 0 0 255 0 0 0 255 0 0 0 255 0 0 0 255 0 0 0 255 0 0 0 255 0 0 0 255 0 0 0 255 0 0 0 255 0 0 0 255 0 0 0 255 0 0 0 255 0 0 0 255 0 0 0 255 0 0 0 255 0 0 0 255 0 0 0 255 0 0 0 255 0 0 0 255 0 0 0 255 0 0 0 255 0 0 0 255 51 51 51 255 255 255 255 255 255 255 255 255 255 255 255 255 255 255 255 255 255 255 255 255 255 255 255 255
255 255 255 255 255 255 255 255 243 243 243 255 0 0 0 255 0 0 0 255 0 0 0 255 0 0 0 255 0 0 0 255 0 0 0 255 0 0 0 255 0 0 0 255 0 0 0 255 0 0 0 255 0 0 0 255 0 0 0 255 0 0 0 255 0 0 0 255 0 0 0 255 0 0 0 255 0 0 0 255 0 0 0 255 0 0 0 255 0 0 0 255 0 0 0 255 0 0 0 255 0 0 0 255 0 0 0 255 0 0 0 255 0 0 0 255 0 0 0 255 0 0 0 255 0 0 0 255 0 0 0 255 0 0 0 255 0 0 0 255 0 0 0 255 0 0 0 255 0 0 0 255 0 0 0 255 0 0 0 255 0 0 0 255 0 0 0 255 0 0 0 255 0 0 0 255 0 0 0 255 0 0 0 255 0 0 0 255 0 0 0 255 0 0 0 255 51 51 51 255 255 255 255 255 255 255 255 255 255 255 255 255 255 255 255 255 255 255 255 255 255 255 255 255
255 255 255 255 255 255 255 255 243 243 243 255 0 0 0 255 0 0 0 255 0 0 0 255 0 0 0 255 0 0 0 255 0 0 0 255 0 0 0 255 0 0 0 255 0 0 0 255 0 0 0 255 115 115 115 255 115 115 115 255 115 115 115 255 115 115 115 255 115 115 115 255 115 115 115 255 115 115 115 255 115 115 115 255 115 115 115 255 115 115 115 255 115 115 115 255 115 115 115 255 115 115 115 255 115 115 115 255 115 115 115 255 115 115 115 255 115 115 115 255 115 115 115 255 115 115 115 255 115 115 115 255 115 115 115 255 115 115 115 255 115 115 115 255 115 115 115 255 115 115 115 255 115 115 115 255 115 115 115 255 63 63 63 255 0 0 0 255 0 0 0 255 0 0 0 255 0 0 0 255 0 0 0 255 0 0 0 255 0 0 0 255 0 0 0 255 51 51 51 255 255 255 255 255 255 255 255 255 255 255 255 255 255 255 255 255 255 255 255 255 255 255 255 255
255 255 255 255 255 255 255 255 243 243 243 255 0 0 0 255 0 0 0 255 0 0 0 255 0 0 0 255 0 0 0 255 0 0 0 255 0 0 0 255 0 0 0 255 0 0 0 255 0 0 0 255 255 255 255 255 255 255 255 255 255 255 255 255 255 255 255 255 255 255 255 255 255 255 255 255 255 255 255 255 255 255 255 255 255 255 255 255 255 255 255 255 255 255 255 255 255 255 255 255 255 255 255 255 255 255 255 255 255 255 255 255 255 255 255 255 255 255 255 255 255 255 255 255 255 255 255 255 255 255 255 255 255 255 255 255 255 255 255 255 255 255 255 255 255 255 255 255 255 255 255 255 255 255 255 255 255 255 255 255 139 139 139 255 0 0 0 255 0 0 0 255 0 0 0 255 0 0 0 255 0 0 0 255 0 0 0 255 0 0 0 255 0 0 0 255 51 51 51 255 255 255 255 255 255 255 255 255 255 255 255 255 255 255 255 255 255 255 255 255 255 255 255 255
255 255 255 255 255 255 255 255 243 243 243 255 0 0 0 255 0 0 0 255 0 0 0 255 0 0 0 255 0 0 0 255 0 0 0 255 0 0 0 255 0 0 0 255 0 0 0 255 0 0 0 255 255 255 255 255 255 255 255 255 255 255 255 255 255 255 255 255 255 255 255 255 255 255 255 255 255 255 255 255 255 255 255 255 255 255 255 255 255 255 255 255 255 255 255 255 255 255 255 255 255 255 255 255 255 255 255 255 255 255 255 255 255 255 255 255 255 255 255 255 255 255 255 255 255 255 255 255 255 255 255 255 255 255 255 255 255 255 255 255 255 255 255 255 255 255 255 255 255 255 255 255 255 255 255 255 255 255 255 255 139 139 139 255 0 0 0 255 0 0 0 255 0 0 0 255 0 0 0 255 0 0 0 255 0 0 0 255 0 0 0 255 0 0 0 255 51 51 51 255 255 255 255 255 255 255 255 255 255 255 255 255 255 255 255 255 255 255 255 255 255 255 255 255
255 255 255 255 255 255 255 255 243 243 243 255 0 0 0 255 0 0 0 255 0 0 0 255 0 0 0 255 0 0 0 255 0 0 0 255 0 0 0 255 0 0 0 255 0 0 0 255 0 0 0 255 255 255 255 255 255 255 255 255 255 255 255 255 255 255 255 255 255 255 255 255 255 255 255 255 255 255 255 255 255 255 255 255 255 255 255 255 255 255 255 255 255 255 255 255 255 255 255 255 255 255 255 255 255 255 255 255 255 255 255 255 255 255 255 255 255 255 255 255 255 255 255 255 255 255 255 255 255 255 255 255 255 255 255 255 255 255 255 255 255 255 255 255 255 255 255 255 255 255 255 255 255 255 255 255 255 255 255 255 139 139 139 255 0 0 0 255 0 0 0 255 0 0 0 255 0 0 0 255 0 0 0 255 0 0 0 255 0 0 0 255 0 0 0 255 51 51 51 255 255 255 255 255 255 255 255 255 255 255 255 255 255 255 255 255 255 255 255 255 255 255 255 255
255 255 255 255 255 255 255 255 243 243 243 255 0 0 0 255 0 0 0 255 0 0 0 255 0 0 0 255 0 0 0 255 0 0 0 255 0 0 0 255 0 0 0 255 0 0 0 255 0 0 0 255 255 255 255 255 255 255 255 255 255 255 255 255 255 255 255 255 255 255 255 255 255 255 255 255 255 255 255 255 255 255 255 255 255 255 255 255 255 255 255 255 255 255 255 255 255 255 255 255 255 255 255 255 255 255 255 255 255 255 255 255 255 255 255 255 255 255 255 255 255 255 255 255 255 255 255 255 255 255 255 255 255 255 255 255 255 255 255 255 255 255 255 255 255 255 255 255 255 255 255 255 255 255 255 255 255 255 255 255 139 139 139 255 0 0 0 255 0 0 0 255 0 0 0 255 0 0 0 255 0 0 0 255 0 0 0 255 0 0 0 255 0 0 0 255 51 51 51 255 255 255 255 255 255 255 255 255 255 255 255 255 255 255 255 255 255 255 255 255 255 255 255 255
255 255 255 255 255 255 255 255 243 243 243 255 0 0 0 255 0 0 0 255 0 0 0 255 0 0 0 255 0 0 0 255 0 0 0 255 0 0 0 255 0 0 0 255 0 0 0 255 0 0 0 255 255 255 255 255 255 255 255 255 255 255 255 255 255 255 255 255 255 255 255 255 255 255 255 255 255 255 255 255 255 255 255 255 255 255 255 255 255 255 255 255 255 255 255 255 255 255 255 255 255 255 255 255 255 255 255 255 255 255 255 255 255 255 255 255 255 255 255 255 255 255 255 255 255 255 255 255 255 255 255 255 255 255 255 255 255 255 255 255 255 255 255 255 255 255 255 255 255 255 255 255 255 255 255 255 255 255 255 255 139 139 139 255 0 0 0 255 0 0 0 255 0 0 0 255 0 0 0 255 0 0 0 255 0 0 0 255 0 0 0 255 0 0 0 255 51 51 51 255 255 255 255 255 255 255 255 255 255 255 255 255 255 255 255 255 255 255 255 255 255 255 255 255
255 255 255 255 255 255 255 255 243 243 243 255 0 0 0 255 0 0 0 255 0 0 0 255 0 0 0 255 0 0 0 255 0 0 0 255 0 0 0 255 0 0 0 255 0 0 0 255 0 0 0 255 255 255 255 255 255 255 255 255 255 255 255 255 255 255 255 255 255 255 255 255 255 255 255 255 255 255 255 255 255 255 255 255 255 255 255 255 255 255 255 255 255 255 255 255 255 255 255 255 255 255 255 255 255 255 255 255 255 255 255 255 255 255 255 255 255 255 255 255 255 255 255 255 255 255 255 255 255 255 255 255 255 255 255 255 255 255 255 255 255 255 255 255 255 255 255 255 255 255 255 255 255 255 255 255 255 255 255 255 139 139 139 255 0 0 0 255 0 0 0 255 0 0 0 255 0 0 0 255 0 0 0 255 0 0 0 255 0 0 0 255 0 0 0 255 51 51 51 255 255 255 255 255 255 255 255 255 255 255 255 255 255 255 255 255 255 255 255 255 255 255 255 255
255 255 255 255 255 255 255 255 243 243 243 255 0 0 0 255 0 0 0 255 0 0 0 255 0 0 0 255 0 0 0 255 0 0 0 255 0 0 0 255 0 0 0 255 0 0 0 255 0 0 0 255 255 255 255 255 255 255 255 255 255 255 255 255 255 255 255 255 255 255 255 255 255 255 255 255 255 255 255 255 255 255 255 255 255 255 255 255 255 255 255 255 255 255 255 255 255 255 255 255 255 255 255 255 255 255 255 255 255 255 255 255 255 255 255 255 255 255 255 255 255 255 255 255 255 255 255 255 255 255 255 255 255 255 255 255 255 255 255 255 255 255 255 255 255 255 255 255 255 255 255 255 255 255 255 255 255 255 255 255 139 139 139 255 0 0 0 255 0 0 0 255 0 0 0 255 0 0 0 255 0 0 0 255 0 0 0 255 0 0 0 255 0 0 0 255 51 51 51 255 255 255 255 255 255 255 255 255 255 255 255 255 255 255 255 255 255 255 255 255 255 255 255 255
255 255 255 255 255 255 255 255 243 243 243 255 0 0 0 255 0 0 0 255 0 0 0 255 0 0 0 255 0 0 0 255 0 0 0 255 0 0 0 255 0 0 0 255 0 0 0 255 0 0 0 255 255 255 255 255 255 255 255 255 255 255 255 255 255 255 255 255 255 255 255 255 255 255 255 255 255 255 255 255 255 255 255 255 255 255 255 255 255 255 255 255 255 255 255 255 255 255 255 255 255 255 255 255 255 255 255 255 255 255 255 255 255 255 255 255 255 255 255 255 255 255 255 255 255 255 255 255 255 255 255 255 255 255 255 255 255 255 255 255 255 255 255 255 255 255 255 255 255 255 255 255 255 255 255 255 255 255 255 255 139 139 139 255 0 0 0 255 0 0 0 255 0 0 0 255 0 0 0 255 0 0 0 255 0 0 0 255 0 0 0 255 0 0 0 255 51 51 51 255 255 255 255 255 255 255 255 255 255 255 255 255 255 255 255 255 255 255 255 255 255 255 255 255
255 255 255 255 255 255 255 255 243 243 243 255 0 0 0 255 0 0 0 255 0 0 0 255 0 0 0 255 0 0 0 255 0 0 0 255 0 0 0 255 0 0 0 255 0 0 0 255 0 0 0 255 255 255 255 255 255 255 255 255 255 255 255 255 255 255 255 255 255 255 255 255 255 255 255 255 255 255 255 255 255 255 255 255 255 255 255 255 255 255 255 255 255 255 255 255 255 255 255 255 255 255 255 255 255 255 255 255 255 255 255 255 255 255 255 255 255 255 255 255 255 255 255 255 217 217 217 255 201 201 201 255 201 201 201 255 201 201 201 255 201 201 201 255 201 201 201 255 201 201 201 255 201 201 201 255 201 201 201 255 110 110 110 255 0 0 0 255 0 0 0 255 0 0 0 255 0 0 0 255 0 0 0 255 0 0 0 255 0 0 0 255 0 0 0 255 51 51 51 255 255 255 255 255 255 255 255 255 255 255 255 255 255 255 255 255 255 255 255 255 255 255 255 255
255 255 255 255 255 255 255 255 243 243 243 255 0 0 0 255 0 0 0 255 0 0 0 255 0 0 0 255 0 0 0 255 0 0 0 255 0 0 0 255 0 0 0 255 0 0 0 255 0 0 0 255 255 255 255 255 255 255 255 255 255 255 255 255 255 255 255 255 255 255 255 255 255 255 255 255 255 255 255 255 255 255 255 255 255 255 255 255 255 255 255 255 255 255 255 255 255 255 255 255 255 255 255 255 255 255 255 255 255 255 255 255 255 255 255 255 255 255 255 255 255 255 255 255 77 77 77 255 0 0 0 255 0 0 0 255 0 0 0 255 0 0 0 255 0 0 0 255 0 0 0 255 0 0 0 255 0 0 0 255 0 0 0 255 0 0 0 255 0 0 0 255 0 0 0 255 0 0 0 255 0 0 0 255 0 0 0 255 0 0 0 255 0 0 0 255 51 51 51 255 255 255 255 255 255 255 255 255 255 255 255 255 255 255 255 255 255 255 255 255 255 255 255 255
255 255 255 255 255 255 255 255 243 243 243 255 0 0 0 255 0 0 0 255 0 0 0 255 0 0 0 255 0 0 0 255 0 0 0 255 0 0 0 255 0 0 0 255 0 0 0 255 0 0 0 255 255 255 255 255 255 255 255 255 255 255 255 255 255 255 255 255 255 255 255 255 255 255 255 255 255 255 255 255 255 255 255 255 255 255 255 255 255 255 255 255 255 255 255 255 255 255 255 255 255 255 255 255 255 255 255 255 255 255 255 255 255 255 255 255 255 255 255 255 255 255 255 255 77 77 77 255 0 0 0 255 0 0 0 255 0 0 0 255 0 0 0 255 0 0 0 255 0 0 0 255 0 0 0 255 0 0 0 255 0 0 0 255 0 0 0 255 0 0 0 255 0 0 0 255 0 0 0 255 0 0 0 255 0 0 0 255 0 0 0 255 0 0 0 255 51 51 51 255 255 255 255 255 255 255 255 255 255 255 255 255 255 255 255 255 255 255 255 255 255 255 255 255
255 255 255 255 255 255 255 255 243 243 243 255 0 0 0 255 0 0 0 255 0 0 0 255 0 0 0 255 0 0 0 255 0 0 0 255 0 0 0 255 0 0 0 255 0 0 0 255 0 0 0 255 255 255 255 255 255 255 255 255 255 255 255 255 255 255 255 255 255 255 255 255 255 255 255 255 255 255 255 255 255 255 255 255 255 255 255 255 255 255 255 255 255 255 255 255 255 255 255 255 255 255 255 255 255 255 255 255 255 255 255 255 255 255 255 255 255 255 255 255 255 255 255 255 77 77 77 255 0 0 0 255 0 0 0 255 0 0 0 255 0 0 0 255 0 0 0 255 0 0 0 255 0 0 0 255 0 0 0 255 0 0 0 255 0 0 0 255 0 0 0 255 0 0 0 255 0 0 0 255 0 0 0 255 0 0 0 255 0 0 0 255 0 0 0 255 51 51 51 255 255 255 255 255 255 255 255 255 255 255 255 255 255 255 255 255 255 255 255 255 255 255 255 255
255 255 255 255 255 255 255 255 243 243 243 255 0 0 0 255 0 0 0 255 0 0 0 255 0 0 0 255 0 0 0 255 0 0 0 255 0 0 0 255 0 0 0 255 0 0 0 255 0 0 0 255 255 255 255 255 255 255 255 255 255 255 255 255 255 255 255 255 255 255 255 255 255 255 255 255 255 255 255 255 255 255 255 255 255 255 255 255 255 255 255 255 255 255 255 255 255 255 255 255 255 255 255 255 255 255 255 255 255 255 255 255 255 255 255 255 255 255 255 255 255 255 255 255 77 77 77 255 0 0 0 255 0 0 0 255 0 0 0 255 0 0 0 255 0 0 0 255 0 0 0 255 0 0 0 255 0 0 0 255 0 0 0 255 0 0 0 255 0 0 0 255 0 0 0 255 0 0 0 255 0 0 0 255 0 0 0 255 0 0 0 255 0 0 0 255 51 51 51 255 255 255 255 255 255 255 255 255 255 255 255 255 255 255 255 255 255 255 255 255 255 255 255 255
255 255 255 255 255 255 255 255 243 243 243 255 0 0 0 255 0 0 0 255 0 0 0 255 0 0 0 255 0 0 0 255 0 0 0 255 0 0 0 255 0 0 0 255 0 0 0 255 0 0 0 255 255 255 255 255 255 255 255 255 255 255 255 255 255 255 255 255 255 255 255 255 255 255 255 255 255 255 255 255 255 255 255 255 255 255 255 255 255 255 255 255 255 255 255 255 255 255 255 255 255 255 255 255 255 255 255 255 255 255 255 255 255 255 255 255 255 255 255 255 255 255 255 255 77 77 77 255 0 0 0 255 0 0 0 255 0 0 0 255 0 0 0 255 0 0 0 255 0 0 0 255 0 0 0 255 0 0 0 255 0 0 0 255 0 0 0 255 0 0 0 255 0 0 0 255 0 0 0 255 0 0 0 255 0 0 0 255 0 0 0 255 0 0 0 255 51 51 51 255 255 255 255 255 255 255 255 255 255 255 255 255 255 255 255 255 255 255 255 255 255 255 255 255
255 255 255 255 255 255 255 255 243 243 243 255 0 0 0 255 0 0 0 255 0 0 0 255 0 0 0 255 0 0 0 255 0 0 0 255 0 0 0 255 0 0 0 255 0 0 0 255 0 0 0 255 255 255 255 255 255 255 255 255 255 255 255 255 255 255 255 255 255 255 255 255 255 255 255 255 255 255 255 255 255 255 255 255 255 255 255 255 255 255 255 255 255 255 255 255 255 255 255 255 255 255 255 255 255 255 255 255 255 255 255 255 255 255 255 255 255 255 255 255 255 255 255 255 77 77 77 255 0 0 0 255 0 0 0 255 0 0 0 255 0 0 0 255 0 0 0 255 0 0 0 255 0 0 0 255 0 0 0 255 0 0 0 255 0 0 0 255 0 0 0 255 0 0 0 255 0 0 0 255 0 0 0 255 0 0 0 255 0 0 0 255 0 0 0 255 51 51 51 255 255 255 255 255 255 255 255 255 255 255 255 255 255 255 255 255 255 255 255 255 255 255 255 255
255 255 255 255 255 255 255 255 243 243 243 255 0 0 0 255 0 0 0 255 0 0 0 255 0 0 0 255 0 0 0 255 0 0 0 255 0 0 0 255 0 0 0 255 0 0 0 255 0 0 0 255 255 255 255 255 255 255 255 255 255 255 255 255 255 255 255 255 255 255 255 255 255 255 255 255 255 255 255 255 255 255 255 255 255 255 255 255 255 255 255 255 255 255 255 255 255 255 255 255 255 255 255 255 255 255 255 255 255 255 255 255 255 255 255 255 255 255 255 255 255 255 255 255 77 77 77 255 0 0 0 255 0 0 0 255 0 0 0 255 0 0 0 255 0 0 0 255 0 0 0 255 0 0 0 255 0 0 0 255 0 0 0 255 0 0 0 255 0 0 0 255 0 0 0 255 0 0 0 255 0 0 0 255 0 0 0 255 0 0 0 255 0 0 0 255 51 51 51 255 255 255 255 255 255 255 255 255 255 255 255 255 255 255 255 255 255 255 255 255 255 255 255 255
255 255 255 255 255 255 255 255 243 243 243 255 0 0 0 255 0 0 0 255 0 0 0 255 0 0 0 255 0 0 0 255 0 0 0 255 0 0 0 255 0 0 0 255 0 0 0 255 0 0 0 255 255 255 255 255 255 255 255 255 255 255 255 255 255 255 255 255 255 255 255 255 255 255 255 255 255 255 255 255 255 255 255 255 255 255 255 255 255 255 255 255 255 255 255 255 255 255 255 255 255 255 255 255 255 255 255 255 255 255 255 255 255 255 255 255 255 255 255 255 255 255 255 255 77 77 77 255 0 0 0 255 0 0 0 255 0 0 0 255 0 0 0 255 0 0 0 255 0 0 0 255 0 0 0 255 0 0 0 255 0 0 0 255 0 0 0 255 0 0 0 255 0 0 0 255 0 0 0 255 0 0 0 255 0 0 0 255 0 0 0 255 0 0 0 255 51 51 51 255 255 255 255 255 255 255 255 255 255 255 255 255 255 255 255 255 255 255 255 255 255 255 255 255
255 255 255 255 255 255 255 255 243 243 243 255 0 0 0 255 0 0 0 255 0 0 0 255 0 0 0 255 0 0 0 255 0 0 0 255 0 0 0 255 0 0 0 255 0 0 0 255 0 0 0 255 255 255 255 255 255 255 255 255 255 255 255 255 255 255 255 255 255 255 255 255 255 255 255 255 255 255 255 255 255 255 255 255 255 255 255 255 255 255 255 255 255 255 255 255 255 255 255 255 255 255 255 255 255 255 255 255 255 255 255 255 255 255 255 255 255 255 255 255 255 255 255 255 77 77 77 255 0 0 0 255 0 0 0 255 0 0 0 255 0 0 0 255 0 0 0 255 0 0 0 255 0 0 0 255 0 0 0 255 0 0 0 255 0 0 0 255 0 0 0 255 0 0 0 255 0 0 0 255 0 0 0 255 0 0 0 255 0 0 0 255 0 0 0 255 51 51 51 255 255 255 255 255 255 255 255 255 255 255 255 255 255 255 255 255 255 255 255 255 255 255 255 255
255 255 255 255 255 255 255 255 243 243 243 255 0 0 0 255 0 0 0 255 0 0 0 255 0 0 0 255 0 0 0 255 0 0 0 255 0 0 0 255 0 0 0 255 0 0 0 255 0 0 0 255 0 0 0 255 0 0 0 255 0 0 0 255 0 0 0 255 0 0 0 255 0 0 0 255 0 0 0 255 0 0 0 255 0 0 0 255 241 241 241 255 255 255 255 255 255 255 255 255 255 255 255 255 255 255 255 255 255 255 255 255 255 255 255 255 255 255 255 255 255 255 255 255 77 77 77 255 0 0 0 255 0 0 0 255 0 0 0 255 0 0 0 255 0 0 0 255 0 0 0 255 0 0 0 255 0 0 0 255 0 0 0 255 0 0 0 255 0 0 0 255 0 0 0 255 0 0 0 255 0 0 0 255 0 0 0 255 0 0 0 255 0 0 0 255 51 51 51 255 255 255 255 255 255 255 255 255 255 255 255 255 255 255 255 255 255 255 255 255 255 255 255 255
255 255 255 255 255 255 255 255 243 243 243 255 0 0 0 255 0 0 0 255 0 0 0 255 0 0 0 255 0 0 0 255 0 0 0 255 0 0 0 255 0 0 0 255 0 0 0 255 0 0 0 255 0 0 0 255 0 0 0 255 0 0 0 255 0 0 0 255 0 0 0 255 0 0 0 255 0 0 0 255 0 0 0 255 0 0 0 255 241 241 241 255 255 255 255 255 255 255 255 255 255 255 255 255 255 255 255 255 255 255 255 255 255 255 255 255 255 255 255 255 255 255 255 255 77 77 77 255 0 0 0 255 0 0 0 255 0 0 0 255 0 0 0 255 0 0 0 255 0 0 0 255 0 0 0 255 0 0 0 255 0 0 0 255 0 0 0 255 0 0 0 255 0 0 0 255 0 0 0 255 0 0 0 255 0 0 0 255 0 0 0 255 0 0 0 255 51 51 51 255 255 255 255 255 255 255 255 255 255 255 255 255 255 255 255 255 255 255 255 255 255 255 255 255
255 255 255 255 255 255 255 255 243 243 243 255 0 0 0 255 0 0 0 255 0 0 0 255 0 0 0 255 0 0 0 255 0 0 0 255 0 0 0 255 0 0 0 255 0 0 0 255 0 0 0 255 0 0 0 255 0 0 0 255 0 0 0 255 0 0 0 255 0 0 0 255 0 0 0 255 0 0 0 255 0 0 0 255 0 0 0 255 241 241 241 255 255 255 255 255 255 255 255 255 255 255 255 255 255 255 255 255 255 255 255 255 255 255 255 255 255 255 255 255 255 255 255 255 77 77 77 255 0 0 0 255 0 0 0 255 0 0 0 255 0 0 0 255 0 0 0 255 0 0 0 255 0 0 0 255 0 0 0 255 0 0 0 255 0 0 0 255 0 0 0 255 0 0 0 255 0 0 0 255 0 0 0 255 0 0 0 255 0 0 0 255 0 0 0 255 51 51 51 255 255 255 255 255 255 255 255 255 255 255 255 255 255 255 255 255 255 255 255 255 255 255 255 255
255 255 255 255 255 255 255 255 243 243 243 255 0 0 0 255 0 0 0 255 0 0 0 255 0 0 0 255 0 0 0 255 0 0 0 255 0 0 0 255 0 0 0 255 0 0 0 255 0 0 0 255 0 0 0 255 0 0 0 255 0 0 0 255 0 0 0 255 0 0 0 255 0 0 0 255 0 0 0 255 0 0 0 255 0 0 0 255 241 241 241 255 255 255 255 255 255 255 255 255 255 255 255 255 255 255 255 255 255 255 255 255 255 255 255 255 255 255 255 255 255 255 255 255 77 77 77 255 0 0 0 255 0 0 0 255 0 0 0 255 0 0 0 255 0 0 0 255 0 0 0 255 0 0 0 255 0 0 0 255 0 0 0 255 0 0 0 255 0 0 0 255 0 0 0 255 0 0 0 255 0 0 0 255 0 0 0 255 0 0 0 255 0 0 0 255 51 51 51 255 255 255 255 255 255 255 255 255 255 255 255 255 255 255 255 255 255 255 255 255 255 255 255 255
255 255 255 255 255 255 255 255 243 243 243 255 0 0 0 255 0 0 0 255 0 0 0 255 0 0 0 255 0 0 0 255 0 0 0 255 0 0 0 255 0 0 0 255 0 0 0 255 0 0 0 255 0 0 0 255 0 0 0 255 0 0 0 255 0 0 0 255 0 0 0 255 0 0 0 255 0 0 0 255 0 0 0 255 0 0 0 255 241 241 241 255 255 255 255 255 255 255 255 255 255 255 255 255 255 255 255 255 255 255 255 255 255 255 255 255 255 255 255 255 255 255 255 255 77 77 77 255 0 0 0 255 0 0 0 255 0 0 0 255 0 0 0 255 0 0 0 255 0 0 0 255 0 0 0 255 0 0 0 255 0 0 0 255 0 0 0 255 0 0 0 255 0 0 0 255 0 0 0 255 0 0 0 255 0 0 0 255 0 0 0 255 0 0 0 255 51 51 51 255 255 255 255 255 255 255 255 255 255 255 255 255 255 255 255 255 255 255 255 255 255 255 255 255
255 255 255 255 255 255 255 255 243 243 243 255 0 0 0 255 0 0 0 255 0 0 0 255 0 0 0 255 0 0 0 255 0 0 0 255 0 0 0 255 0 0 0 255 0 0 0 255 0 0 0 255 0 0 0 255 0 0 0 255 0 0 0 255 0 0 0 255 0 0 0 255 0 0 0 255 0 0 0 255 0 0 0 255 0 0 0 255 241 241 241 255 255 255 255 255 255 255 255 255 255 255 255 255 255 255 255 255 255 255 255 255 255 255 255 255 255 255 255 255 255 255 255 255 77 77 77 255 0 0 0 255 0 0 0 255 0 0 0 255 0 0 0 255 0 0 0 255 0 0 0 255 0 0 0 255 0 0 0 255 0 0 0 255 0 0 0 255 0 0 0 255 0 0 0 255 0 0 0 255 0 0 0 255 0 0 0 255 0 0 0 255 0 0 0 255 51 51 51 255 255 255 255 255 255 255 255 255 255 255 255 255 255 255 255 255 255 255 255 255 255 255 255 255
255 255 255 255 255 255 255 255 243 243 243 255 0 0 0 255 0 0 0 255 0 0 0 255 0 0 0 255 0 0 0 255 0 0 0 255 0 0 0 255 0 0 0 255 0 0 0 255 0 0 0 255 0 0 0 255 0 0 0 255 0 0 0 255 0 0 0 255 0 0 0 255 0 0 0 255 0 0 0 255 0 0 0 255 0 0 0 255 241 241 241 255 255 255 255 255 255 255 255 255 255 255 255 255 255 255 255 255 255 255 255 255 255 255 255 255 255 255 255 255 255 255 255 255 77 77 77 255 0 0 0 255 0 0 0 255 0 0 0 255 0 0 0 255 0 0 0 255 0 0 0 255 0 0 0 255 0 0 0 255 0 0 0 255 0 0 0 255 0 0 0 255 0 0 0 255 0 0 0 255 0 0 0 255 0 0 0 255 0 0 0 255 0 0 0 255 51 51 51 255 255 255 255 255 255 255 255 255 255 255 255 255 255 255 255 255 255 255 255 255 255 255 255 255
255 255 255 255 255 255 255 255 243 243 243 255 0 0 0 255 0 0 0 255 0 0 0 255 0 0 0 255 0 0 0 255 0 0 0 255 0 0 0 255 0 0 0 255 0 0 0 255 0 0 0 255 0 0 0 255 0 0 0 255 0 0 0 255 0 0 0 255 0 0 0 255 0 0 0 255 0 0 0 255 0 0 0 255 0 0 0 255 241 241 241 255 255 255 255 255 255 255 255 255 255 255 255 255 255 255 255 255 255 255 255 255 255 255 255 255 255 255 255 255 255 255 255 255 77 77 77 255 0 0 0 255 0 0 0 255 0 0 0 255 0 0 0 255 0 0 0 255 0 0 0 255 0 0 0 255 0 0 0 255 0 0 0 255 0 0 0 255 0 0 0 255 0 0 0 255 0 0 0 255 0 0 0 255 0 0 0 255 0 0 0 255 0 0 0 255 51 51 51 255 255 255 255 255 255 255 255 255 255 255 255 255 255 255 255 255 255 255 255 255 255 255 255 255
255 255 255 255 255 255 255 255 243 243 243 255 0 0 0 255 0 0 0 255 0 0 0 255 0 0 0 255 0 0 0 255 0 0 0 255 0 0 0 255 0 0 0 255 0 0 0 255 0 0 0 255 0 0 0 255 0 0 0 255 0 0 0 255 0 0 0 255 0 0 0 255 0 0 0 255 0 0 0 255 0 0 0 255 0 0 0 255 241 241 241 255 255 255 255 255 255 255 255 255 255 255 255 255 255 255 255 255 255 255 255 255 255 255 255 255 255 255 255 255 255 255 255 255 77 77 77 255 0 0 0 255 0 0 0 255 0 0 0 255 0 0 0 255 0 0 0 255 0 0 0 255 0 0 0 255 0 0 0 255 0 0 0 255 0 0 0 255 0 0 0 255 0 0 0 255 0 0 0 255 0 0 0 255 0 0 0 255 0 0 0 255 0 0 0 255 51 51 51 255 255 255 255 255 255 255 255 255 255 255 255 255 255 255 255 255 255 255 255 255 255 255 255 255
255 255 255 255 255 255 255 255 243 243 243 255 0 0 0 255 0 0 0 255 0 0 0 255 0 0 0 255 0 0 0 255 0 0 0 255 0 0 0 255 0 0 0 255 0 0 0 255 0 0 0 255 0 0 0 255 0 0 0 255 0 0 0 255 0 0 0 255 0 0 0 255 0 0 0 255 0 0 0 255 0 0 0 255 0 0 0 255 16 16 16 255 17 17 17 255 17 17 17 255 17 17 17 255 17 17 17 255 17 17 17 255 17 17 17 255 17 17 17 255 17 17 17 255 5 5 5 255 0 0 0 255 0 0 0 255 0 0 0 255 0 0 0 255 0 0 0 255 0 0 0 255 0 0 0 255 0 0 0 255 0 0 0 255 0 0 0 255 0 0 0 255 0 0 0 255 0 0 0 255 0 0 0 255 0 0 0 255 0 0 0 255 0 0 0 255 51 51 51 255 255 255 255 255 255 255 255 255 255 255 255 255 255 255 255 255 255 255 255 255 255 255 255 255
255 255 255 255 255 255 255 255 243 243 243 255 0 0 0 255 0 0 0 255 0 0 0 255 0 0 0 255 0 0 0 255 0 0 0 255 0 0 0 255 0 0 0 255 0 0 0 255 0 0 0 255 0 0 0 255 0 0 0 255 0 0 0 255 0 0 0 255 0 0 0 255 0 0 0 255 0 0 0 255 0 0 0 255 0 0 0 255 0 0 0 255 0 0 0 255 0 0 0 255 0 0 0 255 0 0 0 255 0 0 0 255 0 0 0 255 0 0 0 255 0 0 0 255 0 0 0 255 0 0 0 255 0 0 0 255 0 0 0 255 0 0 0 255 0 0 0 255 0 0 0 255 0 0 0 255 0 0 0 255 0 0 0 255 0 0 0 255 0 0 0 255 0 0 0 255 0 0 0 255 0 0 0 255 0 0 0 255 0 0 0 255 0 0 0 255 51 51 51 255 255 255 255 255 255 255 255 255 255 255 255 255 255 255 255 255 255 255 255 255 255 255 255 255
255 255 255 255 255 255 255 255 243 243 243 255 0 0 0 255 0 0 0 255 0 0 0 255 0 0 0 255 0 0 0 255 0 0 0 255 0 0 0 255 0 0 0 255 0 0 0 255 0 0 0 255 0 0 0 255 0 0 0 255 0 0 0 255 0 0 0 255 0 0 0 255 0 0 0 255 0 0 0 255 0 0 0 255 0 0 0 255 0 0 0 255 0 0 0 255 0 0 0 255 0 0 0 255 0 0 0 255 0 0 0 255 0 0 0 255 0 0 0 255 0 0 0 255 0 0 0 255 0 0 0 255 0 0 0 255 0 0 0 255 0 0 0 255 0 0 0 255 0 0 0 255 0 0 0 255 0 0 0 255 0 0 0 255 0 0 0 255 0 0 0 255 0 0 0 255 0 0 0 255 0 0 0 255 0 0 0 255 0 0 0 255 0 0 0 255 51 51 51 255 255 255 255 255 255 255 255 255 255 255 255 255 255 255 255 255 255 255 255 255 255 255 255 255
255 255 255 255 255 255 255 255 243 243 243 255 0 0 0 255 0 0 0 255 0 0 0 255 0 0 0 255 0 0 0 255 0 0 0 255 0 0 0 255 0 0 0 255 0 0 0 255 0 0 0 255 0 0 0 255 0 0 0 255 0 0 0 255 0 0 0 255 0 0 0 255 0 0 0 255 0 0 0 255 0 0 0 255 0 0 0 255 0 0 0 255 0 0 0 255 0 0 0 255 0 0 0 255 0 0 0 255 0 0 0 255 0 0 0 255 0 0 0 255 0 0 0 255 0 0 0 255 0 0 0 255 0 0 0 255 0 0 0 255 0 0 0 255 0 0 0 255 0 0 0 255 0 0 0 255 0 0 0 255 0 0 0 255 0 0 0 255 0 0 0 255 0 0 0 255 0 0 0 255 0 0 0 255 0 0 0 255 0 0 0 255 0 0 0 255 51 51 51 255 255 255 255 255 255 255 255 255 255 255 255 255 255 255 255 255 255 255 255 255 255 255 255 255
255 255 255 255 255 255 255 255 243 243 243 255 0 0 0 255 0 0 0 255 0 0 0 255 0 0 0 255 0 0 0 255 0 0 0 255 0 0 0 255 0 0 0 255 0 0 0 255 0 0 0 255 0 0 0 255 0 0 0 255 0 0 0 255 0 0 0 255 0 0 0 255 0 0 0 255 0 0 0 255 0 0 0 255 0 0 0 255 0 0 0 255 0 0 0 255 0 0 0 255 0 0 0 255 0 0 0 255 0 0 0 255 0 0 0 255 0 0 0 255 0 0 0 255 0 0 0 255 0 0 0 255 0 0 0 255 0 0 0 255 0 0 0 255 0 0 0 255 0 0 0 255 0 0 0 255 0 0 0 255 0 0 0 255 0 0 0 255 0 0 0 255 0 0 0 255 0 0 0 255 0 0 0 255 0 0 0 255 0 0 0 255 0 0 0 255 51 51 51 255 255 255 255 255 255 255 255 255 255 255 255 255 255 255 255 255 255 255 255 255 255 255 255 255
255 255 255 255 255 255 255 255 243 243 243 255 0 0 0 255 0 0 0 255 0 0 0 255 0 0 0 255 0 0 0 255 0 0 0 255 0 0 0 255 0 0 0 255 0 0 0 255 0 0 0 255 0 0 0 255 0 0 0 255 0 0 0 255 0 0 0 255 0 0 0 255 0 0 0 255 0 0 0 255 0 0 0 255 0 0 0 255 0 0 0 255 0 0 0 255 0 0 0 255 0 0 0 255 0 0 0 255 0 0 0 255 0 0 0 255 0 0 0 255 0 0 0 255 0 0 0 255 0 0 0 255 0 0 0 255 0 0 0 255 0 0 0 255 0 0 0 255 0 0 0 255 0 0 0 255 0 0 0 255 0 0 0 255 0 0 0 255 0 0 0 255 0 0 0 255 0 0 0 255 0 0 0 255 0 0 0 255 0 0 0 255 0 0 0 255 51 51 51 255 255 255 255 255 255 255 255 255 255 255 255 255 255 255 255 255 255 255 255 255 255 255 255 255
255 255 255 255 255 255 255 255 243 243 243 255 0 0 0 255 0 0 0 255 0 0 0 255 0 0 0 255 0 0 0 255 0 0 0 255 0 0 0 255 0 0 0 255 0 0 0 255 0 0 0 255 0 0 0 255 0 0 0 255 0 0 0 255 0 0 0 255 0 0 0 255 0 0 0 255 0 0 0 255 0 0 0 255 0 0 0 255 0 0 0 255 0 0 0 255 0 0 0 255 0 0 0 255 0 0 0 255 0 0 0 255 0 0 0 255 0 0 0 255 0 0 0 255 0 0 0 255 0 0 0 255 0 0 0 255 0 0 0 255 0 0 0 255 0 0 0 255 0 0 0 255 0 0 0 255 0 0 0 255 0 0 0 255 0 0 0 255 0 0 0 255 0 0 0 255 0 0 0 255 0 0 0 255 0 0 0 255 0 0 0 255 0 0 0 255 51 51 51 255 255 255 255 255 255 255 255 255 255 255 255 255 255 255 255 255 255 255 255 255 255 255 255 255
255 255 255 255 255 255 255 255 243 243 243 255 0 0 0 255 0 0 0 255 0 0 0 255 0 0 0 255 0 0 0 255 0 0 0 255 0 0 0 255 0 0 0 255 0 0 0 255 0 0 0 255 0 0 0 255 0 0 0 255 0 0 0 255 0 0 0 255 0 0 0 255 0 0 0 255 0 0 0 255 0 0 0 255 0 0 0 255 0 0 0 255 0 0 0 255 0 0 0 255 0 0 0 255 0 0 0 255 0 0 0 255 0 0 0 255 0 0 0 255 0 0 0 255 0 0 0 255 0 0 0 255 0 0 0 255 0 0 0 255 0 0 0 255 0 0 0 255 0 0 0 255 0 0 0 255 0 0 0 255 0 0 0 255 0 0 0 255 0 0 0 255 0 0 0 255 0 0 0 255 0 0 0 255 0 0 0 255 0 0 0 255 0 0 0 255 51 51 51 255 255 255 255 255 255 255 255 255 255 255 255 255 255 255 255 255 255 255 255 255 255 255 255 255
255 255 255 255 255 255 255 255 243 243 243 255 0 0 0 255 0 0 0 255 0 0 0 255 0 0 0 255 0 0 0 255 0 0 0 255 0 0 0 255 0 0 0 255 0 0 0 255 0 0 0 255 0 0 0 255 0 0 0 255 0 0 0 255 0 0 0 255 0 0 0 255 0 0 0 255 0 0 0 255 0 0 0 255 0 0 0 255 0 0 0 255 0 0 0 255 0 0 0 255 0 0 0 255 0 0 0 255 0 0 0 255 0 0 0 255 0 0 0 255 0 0 0 255 0 0 0 255 0 0 0 255 0 0 0 255 0 0 0 255 0 0 0 255 0 0 0 255 0 0 0 255 0 0 0 255 0 0 0 255 0 0 0 255 0 0 0 255 0 0 0 255 0 0 0 255 0 0 0 255 0 0 0 255 0 0 0 255 0 0 0 255 0 0 0 255 51 51 51 255 255 255 255 255 255 255 255 255 255 255 255 255 255 255 255 255 255 255 255 255 255 255 255 255
255 255 255 255 255 255 255 255 251 251 251 255 177 177 177 255 177 177 177 255 177 177 177 255 177 177 177 255 177 177 177 255 177 177 177 255 177 177 177 255 177 177 177 255 177 177 177 255 177 177 177 255 177 177 177 255 177 177 177 255 177 177 177 255 177 177 177 255 177 177 177 255 177 177 177 255 177 177 177 255 177 177 177 255 177 177 177 255 177 177 177 255 177 177 177 255 177 177 177 255 177 177 177 255 177 177 177 255 177 177 177 255 177 177 177 255 177 177 177 255 177 177 177 255 177 177 177 255 177 177 177 255 177 177 177 255 177 177 177 255 177 177 177 255 177 177 177 255 177 177 177 255 177 177 177 255 177 177 177 255 177 177 177 255 177 177 177 255 177 177 177 255 177 177 177 255 177 177 177 255 177 177 177 255 177 177 177 255 177 177 177 255 177 177 177 255 193 193 193 255 255 255 255 255 255 255 255 255 255 255 255 255 255 255 255 255 255 255 255 255 255 255 255 255
255 255 255 255 255 255 255 255 255 255 255 255 255 255 255 255 255 255 255 255 255 255 255 255 255 255 255 255 255 255 255 255 255 255 255 255 255 255 255 255 255 255 255 255 255 255 255 255 255 255 255 255 255 255 255 255 255 255 255 255 255 255 255 255 255 255 255 255 255 255 255 255 255 255 255 255 255 255 255 255 255 255 255 255 255 255 255 255 255 255 255 255 255 255 255 255 255 255 255 255 255 255 255 255 255 255 255 255 255 255 255 255 255 255 255 255 255 255 255 255 255 255 255 255 255 255 255 255 255 255 255 255 255 255 255 255 255 255 255 255 255 255 255 255 255 255 255 255 255 255 255 255 255 255 255 255 255 255 255 255 255 255 255 255 255 255 255 255 255 255 255 255 255 255 255 255 255 255 255 255 255 255 255 255 255 255 255 255 255 255 255 255 255 255 255 255 255 255 255 255 255 255 255 255 255 255 255 255 255 255 255 255 255 255 255 255 255 255 255 255 255 255 255 255
255 255 255 255 255 255 255 255 255 255 255 255 255 255 255 255 255 255 255 255 255 255 255 255 255 255 255 255 255 255 255 255 255 255 255 255 255 255 255 255 255 255 255 255 255 255 255 255 255 255 255 255 255 255 255 255 255 255 255 255 255 255 255 255 255 255 255 255 255 255 255 255 255 255 255 255 255 255 255 255 255 255 255 255 255 255 255 255 255 255 255 255 255 255 255 255 255 255 255 255 255 255 255 255 255 255 255 255 255 255 255 255 255 255 255 255 255 255 255 255 255 255 255 255 255 255 255 255 255 255 255 255 255 255 255 255 255 255 255 255 255 255 255 255 255 255 255 255 255 255 255 255 255 255 255 255 255 255 255 255 255 255 255 255 255 255 255 255 255 255 255 255 255 255 255 255 255 255 255 255 255 255 255 255 255 255 255 255 255 255 255 255 255 255 255 255 255 255 255 255 255 255 255 255 255 255 255 255 255 255 255 255 255 255 255 255 255 255 255 255 255 255 255 255
255 255 255 255 255 255 255 255 255 255 255 255 255 255 255 255 255 255 255 255 255 255 255 255 255 255 255 255 255 255 255 255 255 255 255 255 255 255 255 255 255 255 255 255 255 255 255 255 255 255 255 255 255 255 255 255 255 255 255 255 255 255 255 255 255 255 255 255 255 255 255 255 255 255 255 255 255 255 255 255 255 255 255 255 255 255 255 255 255 255 255 255 255 255 255 255 255 255 255 255 255 255 255 255 255 255 255 255 255 255 255 255 255 255 255 255 255 255 255 255 255 255 255 255 255 255 255 255 255 255 255 255 255 255 255 255 255 255 255 255 255 255 255 255 255 255 255 255 255 255 255 255 255 255 255 255 255 255 255 255 255 255 255 255 255 255 255 255 255 255 255 255 255 255 255 255 255 255 255 255 255 255 255 255 255 255 255 255 255 255 255 255 255 255 255 255 255 255 255 255 255 255 255 255 255 255 255 255 255 255 255 255 255 255 255 255 255 255 255 255 255 255 255 255
255 255 255 255 255 255 255 255 255 255 255 255 255 255 255 255 255 255 255 255 255 255 255 255 255 255 255 255 255 255 255 255 255 255 255 255 255 255 255 255 255 255 255 255 255 255 255 255 255 255 255 255 255 255 255 255 255 255 255 255 255 255 255 255 255 255 255 255 255 255 255 255 255 255 255 255 255 255 255 255 255 255 255 255 255 255 255 255 255 255 255 255 255 255 255 255 255 255 255 255 255 255 255 255 255 255 255 255 255 255 255 255 255 255 255 255 255 255 255 255 255 255 255 255 255 255 255 255 255 255 255 255 255 255 255 255 255 255 255 255 255 255 255 255 255 255 255 255 255 255 255 255 255 255 255 255 255 255 255 255 255 255 255 255 255 255 255 255 255 255 255 255 255 255 255 255 255 255 255 255 255 255 255 255 255 255 255 255 255 255 255 255 255 255 255 255 255 255 255 255 255 255 255 255 255 255 255 255 255 255 255 255 255 255 255 255 255 255 255 255 255 255 255 255
255 255 255 255 255 255 255 255 255 255 255 255 255 255 255 255 255 255 255 255 255 255 255 255 255 255 255 255 255 255 255 255 255 255 255 255 255 255 255 255 255 255 255 255 255 255 255 255 255 255 255 255 255 255 255 255 255 255 255 255 255 255 255 255 255 255 255 255 255 255 255 255 255 255 255 255 255 255 255 255 255 255 255 255 255 255 255 255 255 255 255 255 255 255 255 255 255 255 255 255 255 255 255 255 255 255 255 255 255 255 255 255 255 255 255 255 255 255 255 255 255 255 255 255 255 255 255 255 255 255 255 255 255 255 255 255 255 255 255 255 255 255 255 255 255 255 255 255 255 255 255 255 255 255 255 255 255 255 255 255 255 255 255 255 255 255 255 255 255 255 255 255 255 255 255 255 255 255 255 255 255 255 255 255 255 255 255 255 255 255 255 255 255 255 255 255 255 255 255 255 255 255 255 255 255 255 255 255 255 255 255 255 255 255 255 255 255 255 255 255 255 255 255 255
